#10V
LEFT: [  14.10463   72.78164  245.73575 1456.5868 ]
RIGHT: [   7.39517  -47.59238  196.5525  1543.6743 ]

#12V
LEFT: [   7.35916   47.58976  199.18339 1460.57483]
RIGHT: [   3.84262  -31.64647  160.76665 1539.18791]

#14V
LEFT: [  14.10463   72.78164  245.73575 1456.5868 ]
RIGHT: [   7.39517  -47.59238  196.5525  1543.6743 ]

#16V
LEFT: [   3.31158   28.90927  152.1417  1467.70348]
RIGHT: [   1.45002  -16.92386  117.95721 1533.55911]

#18V
LEFT: [   2.50017   25.18231  142.66031 1469.6513 ]
RIGHT: [   1.22234  -16.56764  116.26078 1531.57015]

#20V
LEFT: [   2.55792   27.51178  147.67001 1472.23069]
RIGHT: [   1.33421  -18.75129  121.29079 1528.99886]